Op40 analysis valid for grid point 5.6 nm / 256 deg from CVH:
Op40        04     09      May    2017
   CAPE -99999    CIN -99999  Helic  99999     PW  99999
      1  23062      0  36.87 121.52     70  99999
      2  99999  99999  99999     66  99999  99999
      3           CVH                   12     kt
      9   9942    151    124     87    221      4
      4  10000  99999  99999  99999  99999  99999
      5   9913    179    125     86    224      6
      5   9858    229    130     84    225      7
      5   9764    311    141     85    234      6
      5   9625    431    152     98    264      5
      5   9447    589    160    105    293      5
      4   9250    766    164     80    328      5
      5   9234    780    164     78    331      5
      5   9001    997    161     52    356      6
      5   8749   1241    153     33      5      7
      4   8500   1484    134     12      1      6
      5   8467   1518    131      9      0      6
      5   8156   1832    112    -45    349     10
      5   7815   2187    106   -122    359     16
      5   7446   2590     90   -178     12     20
      5   7047   3043     61   -213     14     23
      4   7000   3097     57   -216     14     23
      5   6619   3554     25   -240     13     23
      5   6161   4128    -14   -245     17     23
      5   5679   4759    -59   -246     17     28
      5   5211   5414   -101   -258     12     37
      4   5000   5728   -124   -281     10     40
      5   4790   6055   -148   -305      8     44
      5   4414   6669   -194   -367     10     49
      5   4075   7258   -238   -415     14     53
      4   4000   7391   -248   -422     14     54
      5   3769   7822   -282   -443     15     57
      5   3493   8361   -327   -457     12     60
      5   3245   8874   -373   -457     11     63
      5   3022   9362   -414   -465     12     68
      4   3000   9410   -418   -468     12     69
      5   2821   9824   -450   -494     15     74
      5   2641  10266   -487   -536     16     76
      4   2500  10620   -517   -574     13     74
      5   2473  10690   -523   -581     12     74
      5   2322  11098   -549   -612      7     73
      5   2183  11499   -553   -621      5     72
      5   2044  11919   -543   -616      6     66
      5   1906  12370   -534   -612      8     58
      5   1767  12856   -539   -616      9     49
      5   1628  13379   -557   -632     10     44
      4   1500  13896   -579   -664     16     43
      5   1489  13943   -581   -667     16     43
      5   1351  14556   -602   -715     23     45
      5   1212  15231   -616   -781     29     39
      5   1073  15984   -622   -853     39     23
      4   1000  16413   -624   -867     50     16
      5    935  16824   -626   -881     60     10
      5    806  17704   -633   -865    116      6
      5    702  18551   -628   -849    125      7
      4    700  18569   -628   -849    124      7
      5    618  19365   -615   -836    101      7
      5    540  20208   -598   -829     84      8
      4    500  20691   -588   -834     82     10
      5    467  21120   -580   -839     80     11
      5    399  22114   -565   -868     85     14
      5    336  23212   -550   -892     90     15
      5    277  24454   -530   -908     98     13
      5    222  25895   -509   -920    113      6
      5    171  27626   -484   -933    207      1
      5    123  29861   -454   -949    275      1

